20251222 20260104 20260109
20260105 20260118 20260123
20260119 20260201 20260206
20260202 20260215 20260220
20260216 20260301 20260306
20260302 20260315 20260320
20260316 20260329 20260403
20260330 20260412 20260417
20260413 20260426 20310501
20260427 20260410 20260515
20260411 20260424 20260529
20260425 20260507 20260612
20260508 20260521 20260626
20260622 20260705 20260710
20260706 20260719 20260724
20260720 20260802 20260807
20260803 20260816 20260821
20260817 20260830 20260904
20260831 20260913 20260918
20260914 20260927 20261002
20260928 20261011 20261016
20261012 20261025 20261030
20261026 20261108 20261113
20261109 20261122 20261129
20261123 20261206 20261211
20261207 20261220 20261224
20261221 20270103 20270108
